-48.673203,206.753647,3.524
-48.626514,206.753510,3.284
-48.582588,206.753723,3.098
-48.540730,206.753525,2.959
-48.500336,206.753723,2.869
-48.460617,206.753540,2.843
-48.420597,206.753708,2.892
-48.379120,206.753555,3.028
-48.335041,206.753693,3.242
-48.287479,206.753555,3.516
-48.235527,206.753693,3.862
-48.178135,206.753571,4.283
-48.114235,206.753677,4.782
-48.042782,206.753586,5.356
-47.962681,206.753677,6.010
-47.872753,206.753601,6.757
-47.771061,206.753647,7.681
-47.656349,206.753632,8.577
-47.530190,206.753632,9.380
-47.393387,206.753632,10.144
-47.246181,206.753632,10.897
-47.088520,206.753723,11.656
-46.920246,206.753830,12.425
-46.741199,206.753937,13.204
-46.551258,206.754028,13.991
-46.350296,206.754135,14.787
-46.138210,206.754227,15.592
-45.914871,206.754318,16.404
-45.680164,206.754425,17.226
-45.433983,206.754517,18.055
-45.176392,206.748138,18.879
-44.912521,206.742905,18.772
-44.648571,206.739746,19.236
-44.383476,206.737793,19.639
-44.095146,206.735580,21.385
-43.783966,206.733810,22.934
-43.452858,206.731583,24.328
-43.103752,206.729706,25.602
-42.738033,206.727371,26.784
-42.356716,206.725281,27.894
-41.960548,206.722839,28.952
-41.550106,206.720596,29.968
-41.126102,206.710876,30.932
-40.689651,206.685547,31.833
-40.240398,206.659576,32.773
-39.777870,206.640442,33.713
-39.302364,206.623032,34.633
-38.814072,206.606033,35.549
-38.313137,206.588791,36.455
-37.808968,206.571625,36.330
-37.305145,206.554443,36.371
-36.791882,206.536942,37.622
-36.256592,206.518677,39.079
-35.702541,206.499756,40.367
-35.131798,206.480225,41.542
-34.545826,206.460236,42.621
-33.945728,206.439728,43.625
-33.332333,206.418747,44.570
-32.706280,206.397354,45.469
-32.068073,206.375519,46.333
-31.418085,206.360931,47.146
-30.756716,206.347748,47.964
-30.084173,206.332092,48.766
-29.400600,206.315598,49.554
-28.706142,206.298798,50.333
-28.000919,206.281906,51.104
-27.285036,206.264923,51.868
-26.558558,206.247879,52.628
-25.821554,206.230728,53.383
-25.074074,206.213455,54.136
-24.316160,206.196030,54.885
-23.549339,206.178482,55.309
-22.782360,206.160980,55.265
-22.015343,206.143524,55.469
-21.235445,206.125778,56.595
-20.440596,206.107727,57.599
-19.632717,206.089401,58.505
-18.813078,206.070816,59.336
-17.982550,206.051971,60.110
-17.141762,206.032898,60.841
-16.291182,206.013626,61.539
-15.431153,205.994110,62.212
-14.561950,205.974411,62.867
-13.683774,205.954498,63.507
-12.796791,205.934402,64.137
-11.901123,205.914093,64.758
-10.996868,205.893585,65.373
-10.084105,205.872879,65.983
-9.162890,205.852005,66.590
-8.233277,205.830917,67.193
-7.295361,205.817429,67.769
-6.349193,205.806396,68.370
-5.394730,205.793762,68.967
-4.431978,205.780991,69.563
-3.460953,205.768585,70.158
-2.481676,205.756699,70.751
-1.494166,205.745377,71.342
-0.498438,205.734589,71.933
0.505491,205.724243,72.523
1.517605,205.714264,73.111
2.537891,205.704651,73.699
3.566334,205.695221,74.286
4.602921,205.685989,74.872
5.647638,205.676880,75.457
6.699470,205.667801,75.809
7.751274,205.658875,75.741
8.802511,205.650024,75.839
9.862793,205.641129,76.661
10.934098,205.632187,77.399
12.015019,205.623184,78.067
13.104639,205.614136,78.682
14.202352,205.605026,79.258
15.307732,205.595840,79.806
16.420479,205.586624,80.332
17.540363,205.577347,80.841
18.667215,205.567978,81.339
19.800909,205.558594,81.828
20.941343,205.549133,82.311
22.088440,205.539612,82.788
23.242142,205.530045,83.261
24.402403,205.520416,83.732
25.569176,205.510742,84.200
26.742434,205.501007,84.666
27.922295,205.491241,85.128
29.108725,205.481369,85.589
30.301479,205.471497,86.048
31.500656,205.461548,86.504
32.706287,205.451569,86.929
33.916405,205.441483,87.183
35.127327,205.431442,87.156
36.335949,205.421387,86.912
37.539806,205.411423,86.530
38.737297,205.401474,86.056
39.927773,205.383926,85.509
41.110443,205.363525,84.936
42.284786,205.344223,84.340
43.450993,205.324677,83.729
44.608803,205.304337,83.110
45.757725,205.283066,82.488
46.898167,205.260788,81.868
48.030319,205.237610,81.266
49.154125,205.213531,80.692
50.270180,205.188751,80.147
51.378868,205.155685,79.624
52.480564,205.119263,79.155
53.575939,205.083649,78.730
54.665936,205.047348,78.347
55.751072,205.009995,78.010
56.831604,204.971558,77.722
57.908401,204.931961,77.480
58.982265,204.891296,77.288
60.053299,204.842026,77.126
61.122334,204.789169,77.037
62.190544,204.736832,77.000
63.258644,204.683578,77.016
64.327370,204.629074,77.087
65.397484,204.573196,77.212
66.469749,204.515915,77.394
67.544975,204.457352,77.634
68.623932,204.397568,77.927
69.707230,204.336716,78.257
70.795280,204.274887,78.615
71.888405,204.212173,78.993
72.986855,204.148712,79.386
74.090797,204.084579,79.791
75.200363,204.019821,80.203
76.315674,203.954514,80.621
77.436775,203.888718,81.043
78.563736,203.822464,81.467
79.696571,203.755768,81.894
80.835320,203.688660,82.321
81.979973,203.621170,82.749
83.130562,203.553299,83.177
84.287079,203.485062,83.605
85.449516,203.416473,84.033
86.617889,203.347534,84.460
87.792183,203.278229,84.888
88.972389,203.208588,85.314
90.158501,203.138580,85.740
91.350525,203.068222,86.166
92.548431,202.997513,86.591
93.752083,202.926483,86.988
94.959885,202.855179,87.214
96.168327,202.783829,87.161
97.373917,202.712646,86.893
98.574478,202.641785,86.487
99.768593,202.571289,85.991
100.955444,202.501205,85.445
102.134628,202.431610,84.880
103.306107,202.362427,84.317
104.469368,202.286270,83.738
105.622826,202.192856,83.090
106.766937,202.093994,82.470
107.902626,201.997864,81.847
109.029549,201.900909,81.218
110.147522,201.801895,80.587
111.256531,201.700378,79.957
112.356544,201.596283,79.329
113.447639,201.489838,78.705
114.529869,201.381195,78.085
115.603325,201.270813,77.470
116.668083,201.158920,76.859
117.724220,201.045883,76.253
118.771858,200.932022,75.651
119.815262,200.817154,75.534
120.857224,200.701157,75.426
121.891243,200.585159,74.468
122.909386,200.470230,73.423
123.914238,200.356186,72.518
124.907791,200.242935,71.733
125.891533,200.130447,71.052
126.866806,200.018616,70.463
127.834747,199.907410,69.959
128.796265,199.796753,69.495
129.750671,199.686783,68.951
130.696808,199.577682,68.336
131.633972,199.469543,67.675
132.561707,199.362442,66.986
133.479767,199.256393,66.279
134.387970,199.151489,65.564
135.286316,199.047729,64.845
136.173798,198.937881,64.113
137.050995,198.826935,63.393
137.918488,198.718689,62.679
138.776260,198.611725,61.970
139.624237,198.505630,61.267
140.462555,198.400192,60.570
141.291321,198.295395,59.888
142.116119,198.190613,59.815
142.939850,198.085464,59.728
143.753860,197.981186,58.519
144.547195,197.872803,57.208
145.321564,197.750671,56.048
146.081146,197.626556,55.084
146.829636,197.508194,54.267
147.568253,197.391663,53.581
148.298508,197.275665,53.013
149.021820,197.159576,52.556
149.739624,197.043259,52.205
150.453323,196.926559,51.954
151.164246,196.809448,51.801
151.873749,196.691849,51.745
152.583176,196.573715,51.782
153.293762,196.455002,51.910
154.005280,196.327957,52.105
154.716553,196.182770,52.340
155.431793,196.033005,52.737
156.153900,195.886612,53.216
156.882996,195.739960,53.754
157.619659,195.591476,54.328
158.364243,195.440262,54.934
159.117310,195.286163,55.563
159.878708,195.129929,56.212
160.642029,194.972473,56.118
161.403427,194.814590,56.039
162.170715,194.655365,56.900
162.952682,194.492783,57.890
163.745560,194.319901,58.755
164.545090,194.127594,59.492
165.346893,193.909363,60.101
166.155182,193.680573,60.825
166.974228,193.455429,61.520
167.802582,193.228027,62.181
168.639084,192.995926,62.822
169.483551,192.758713,63.448
170.335266,192.516571,64.066
171.194473,192.269455,64.678
172.061066,192.017792,65.287
172.935410,191.761993,65.891
173.817291,191.502213,66.494
174.707031,191.238892,67.095
175.604263,190.972382,67.697
176.509430,190.702789,68.298
177.422363,190.430359,68.900
178.343323,190.155151,69.502
179.269730,189.870300,70.081
180.197983,189.565811,70.605
181.124252,189.234940,71.055
182.054031,188.892181,71.670
182.993240,188.550644,72.285
183.939758,188.204559,72.895
184.893051,187.851791,73.499
185.852432,187.491898,74.107
186.818314,187.124557,74.713
187.790253,186.750198,75.294
188.766800,186.369843,75.676
189.741226,185.978607,75.696
190.705643,185.568817,75.402
191.653488,185.136307,74.875
192.589462,184.696350,74.340
193.519043,184.261246,73.748
194.439346,183.826126,73.108
195.348892,183.389786,72.458
196.247879,182.951569,71.817
197.136658,182.511459,71.201
198.015793,182.069672,70.629
198.885712,181.626724,70.104
199.743820,181.176605,69.604
200.585938,180.710907,69.104
201.418762,180.240463,68.734
202.247620,179.772583,68.430
203.071991,179.304138,68.182
203.892120,178.833740,68.001
204.708771,178.361160,67.887
205.522568,177.886276,67.842
206.334839,177.408829,67.864
207.146698,176.928787,67.956
207.958847,176.445999,68.118
208.772568,175.960297,68.352
209.589096,175.471237,68.657
210.409561,174.978653,69.034
211.229996,174.475647,69.448
212.045242,173.953857,69.860
212.850250,173.406433,70.224
213.639297,172.828613,70.507
214.423492,172.234360,71.066
215.216385,171.639267,71.654
216.013504,171.036377,72.231
216.812988,170.423309,72.811
217.613907,169.798767,73.395
218.416565,169.162918,73.984
219.221588,168.516388,74.581
220.028946,167.859375,75.181
220.839005,167.193024,75.791
221.650284,166.520050,75.915
222.453217,165.838760,75.849
223.243225,165.140121,76.241
224.021133,164.413330,76.873
224.780075,163.656723,77.326
225.511383,162.867844,77.579
226.207840,162.046646,77.598
226.862289,161.195023,77.414
227.469284,160.316879,76.959
228.031387,159.416504,76.941
228.576294,158.502716,77.276
229.105469,157.576447,77.330
229.610962,156.638550,77.046
230.086960,155.691238,76.541
230.533752,154.737549,75.950
230.948730,153.778320,75.303
231.329544,152.814682,74.595
231.668701,151.847183,73.761
231.977264,150.878662,73.219
232.262634,149.908890,72.740
232.525772,148.938873,72.316
232.767929,147.968369,71.970
232.990753,146.996857,71.687
233.197327,146.025406,71.480
233.389359,145.052811,71.332
233.569138,144.079300,71.260
233.738785,143.104263,71.235
233.893204,142.127289,71.235
234.038605,141.147858,71.333
234.180176,140.166504,71.488
234.317642,139.181595,71.689
234.451996,138.192520,71.950
234.583466,137.198929,72.265
234.712952,136.200500,72.633
234.841034,135.196304,73.035
234.960480,134.185623,73.436
235.060944,133.167648,73.800
235.155334,132.143204,74.267
235.252594,131.112534,74.740
235.349136,130.075165,75.218
235.443787,129.030899,75.700
235.536224,127.979729,76.186
235.626526,126.921524,76.675
235.714844,125.856354,77.168
235.801483,124.784157,77.662
235.886780,123.704956,78.158
235.971024,122.618752,78.655
236.054504,121.525566,79.153
236.137482,120.425400,79.651
236.212402,119.317970,80.124
236.268494,118.203331,80.539
236.318237,117.081863,81.044
236.370331,115.953575,81.544
236.421204,114.818314,82.040
236.469559,113.676064,82.534
236.514984,112.526810,83.028
236.557495,111.370583,83.521
236.597244,110.207382,84.013
236.634415,109.037071,84.504
236.661728,107.859810,84.961
236.684082,106.675888,85.454
236.705948,105.485291,85.945
236.726227,104.287903,86.434
236.744659,103.083748,86.922
236.761200,101.872551,87.405
236.776001,100.654167,87.887
236.789352,99.429138,88.367
236.793686,98.198029,88.819
236.778183,96.961395,89.211
236.734467,95.720810,89.517
236.677963,94.474968,89.992
236.621979,93.221954,90.458
236.560593,91.962814,90.911
236.491776,90.698318,91.360
236.414902,89.428223,91.809
236.329895,88.152443,92.259
236.237228,86.870880,92.711
236.137436,85.583473,93.167
236.031189,84.290176,93.625
235.919281,82.990913,94.085
235.810043,81.685013,94.541
235.700058,80.372711,95.003
235.585602,79.053650,95.458
235.468552,77.727921,95.912
235.350067,76.396606,96.366
235.230713,75.059586,96.820
235.110886,73.716446,97.273
234.990753,72.367058,97.723
234.870544,71.010643,98.166
234.750992,69.647751,98.608
234.631256,68.279854,99.054
234.519577,66.905243,99.469
234.411148,65.523819,99.910
234.302048,64.136597,100.350
234.193634,62.743374,100.788
234.086334,61.344040,101.226
233.980301,59.938545,101.662
233.875519,58.526875,102.097
233.771942,57.109055,102.532
233.669403,55.685097,102.966
233.567795,54.255035,103.399
233.466934,52.818874,103.832
233.374649,51.376251,104.236
233.301636,49.927231,104.577
233.236465,48.472427,105.011
233.170670,47.011890,105.438
233.107803,45.545399,105.860
233.049255,44.072903,106.279
232.995544,42.594406,106.697
232.946777,41.109909,107.114
232.902771,39.619442,107.531
232.863190,38.123035,107.949
232.827713,36.620689,108.368
232.795853,35.112438,108.787
232.767120,33.598289,109.206
232.741074,32.078266,109.625
232.724792,30.552595,110.012
232.713837,29.021204,110.434
232.703812,27.483969,110.852
232.695801,25.940914,111.269
232.690109,24.392067,111.685
232.686752,22.837442,112.099
232.685654,21.277060,112.514
232.686569,19.710926,112.927
232.689331,18.139055,113.340
232.693741,16.561460,113.752
232.699539,14.978148,114.164
232.706604,13.389131,114.575
232.714676,11.794416,114.985
232.723572,10.194014,115.394
232.733170,8.587934,115.803
232.743301,6.976190,116.211
232.753906,5.358789,116.618
232.764832,3.735742,117.025
232.776047,2.107059,117.430
232.787430,0.472751,117.835
232.798950,-1.167171,118.239
232.810638,-2.812696,118.642
232.822327,-4.463814,119.044
232.834137,-6.120514,119.446
232.845993,-7.782784,119.847
232.857834,-9.450615,120.247
232.869720,-11.123998,120.646
232.881607,-12.802917,121.045
232.893478,-14.487364,121.442
232.905396,-16.177326,121.839
232.917313,-17.872795,122.235
232.929245,-19.573757,122.630
232.941254,-21.280205,123.025
232.953262,-22.992126,123.419
232.965271,-24.709507,123.812
232.977310,-26.432337,124.204
232.989410,-28.160608,124.595
233.001526,-29.894312,124.986
233.013626,-31.633430,125.375
233.025848,-33.377956,125.764
233.038055,-35.127880,126.153
233.050064,-36.883224,126.535
233.062378,-38.643673,126.925
233.074844,-40.409729,127.310
233.087189,-42.181122,127.696
233.099548,-43.957855,128.080
233.111954,-45.739906,128.464
233.124374,-47.527279,128.847
233.136841,-49.319958,129.229
233.149323,-51.117943,129.610
233.161835,-52.921215,129.991
233.174454,-54.729763,130.370
233.187042,-56.543449,130.724
233.199707,-58.360695,130.903
233.212372,-60.177677,130.776
233.224976,-61.990383,130.392
233.237579,-63.796143,129.843
233.250076,-65.593391,129.195
233.262527,-67.381226,128.496
233.274933,-69.159302,127.778
233.287262,-70.927406,127.040
233.299500,-72.684906,126.249
233.311661,-74.431114,125.419
233.323746,-76.165619,124.564
233.335739,-77.888168,123.693
233.347656,-79.598572,122.813
233.359497,-81.296761,121.929
233.371231,-82.982681,121.043
233.382889,-84.656349,120.159
233.394455,-86.317757,119.277
233.405945,-87.966995,118.399
233.417236,-89.587090,115.234
233.428131,-91.152229,111.336
233.438614,-92.662361,107.377
233.448761,-94.117836,103.422
233.458511,-95.519188,99.498
233.467865,-96.866966,95.617
233.476883,-98.161781,91.791
233.485504,-99.404182,87.998
233.493759,-100.594322,84.221
233.501633,-101.732277,80.457
233.509155,-102.818207,76.707
233.516327,-103.852249,72.969
233.523102,-104.834549,69.245
233.529526,-105.765266,65.532
233.535583,-106.644577,61.834
233.541290,-107.472656,58.149
233.546616,-108.249695,54.479
233.551605,-108.975922,50.825
233.556229,-109.651558,47.190
233.560516,-110.276863,43.574
233.564453,-110.852158,39.981
233.568024,-111.377792,36.416
233.571274,-111.854202,32.878
233.574142,-112.281677,29.372
233.576736,-112.660881,25.909
233.578979,-112.992508,22.510
233.580887,-113.277298,19.100
233.582520,-113.518700,16.190
233.583908,-113.722504,13.624
233.585068,-113.895470,11.580
233.586075,-114.045052,10.077
233.586975,-114.178268,9.057
233.587799,-114.300735,8.413
233.588577,-114.416527,8.036
233.589325,-114.528305,7.814
233.590118,-114.637367,7.681
233.590714,-114.744972,7.634
233.591492,-114.852249,7.663
233.592087,-114.960327,7.766
233.592941,-115.070236,7.940
233.593628,-115.183060,8.188
233.594482,-115.299919,8.518
233.595245,-115.422211,8.962
233.596161,-115.551590,9.501
233.597076,-115.688652,10.070
233.598053,-115.833931,10.687
233.599106,-115.988220,11.358
233.600204,-116.152138,12.071
233.601364,-116.326195,12.814
233.602615,-116.510727,13.578
233.603928,-116.705963,14.359
233.605316,-116.912125,15.152
233.606781,-117.129379,15.956
233.608322,-117.357849,16.770
233.609940,-117.597694,17.594
233.611649,-117.849052,18.427
233.613419,-118.112114,19.305
233.615219,-118.375648,18.702
233.617035,-118.640594,19.409
233.618866,-118.913109,20.286
233.620880,-119.212166,22.208
233.623032,-119.531975,23.443
233.625336,-119.871574,25.014
233.620911,-120.227737,26.022
233.616425,-120.600571,27.360
233.614639,-120.988197,28.283
233.613693,-121.390938,29.474
233.613037,-121.807365,30.347
233.612518,-122.237869,31.438
233.612000,-122.681427,32.294
233.611496,-123.138397,33.314
233.611023,-123.608063,34.172
233.610519,-124.090698,35.138
233.610031,-124.585831,36.006
233.609543,-125.091537,36.547
233.609039,-125.597206,36.427
233.608551,-126.103683,36.797
233.600677,-126.627800,38.304
233.591339,-127.172302,39.695
233.584259,-127.734703,40.935
233.577774,-128.313202,42.070
233.571396,-128.906448,43.118
233.564911,-129.513474,44.097
233.558228,-130.133560,45.023
233.551392,-130.766113,45.908
233.544357,-131.410645,46.761
233.537155,-132.066833,47.590
233.522202,-132.734055,48.375
233.505188,-133.412231,49.171
233.490097,-134.101471,49.956
233.475311,-134.801514,50.732
233.460312,-135.512314,51.500
233.444901,-136.233734,52.263
233.429077,-136.965714,53.021
233.412811,-137.708206,53.775
233.396118,-138.461151,54.526
233.379089,-139.224487,55.275
233.361832,-139.993393,55.381
233.344498,-140.761307,55.338
233.327057,-141.532959,56.011
233.309219,-142.318741,56.886
233.283463,-143.112396,57.289
233.239899,-143.907104,57.291
233.171982,-144.697479,56.999
233.097214,-145.482361,56.666
233.029953,-146.262238,56.243
232.963455,-147.035767,55.756
232.895660,-147.802185,55.229
232.826035,-148.561005,54.680
232.754578,-149.312012,54.118
232.681625,-150.055069,53.550
232.600098,-150.790298,53.189
232.499680,-151.521530,53.069
232.394714,-152.250198,52.727
232.295593,-152.963852,51.401
232.198929,-153.660110,50.209
232.103394,-154.340881,49.121
232.008545,-155.007446,48.114
231.914368,-155.660736,47.167
231.814148,-156.300323,46.255
231.699432,-156.924820,45.345
231.564987,-157.532654,44.417
231.407089,-158.121735,43.455
231.222809,-158.689331,42.444
231.030777,-159.240768,41.646
230.856766,-159.785980,40.896
230.688034,-160.329529,40.931
230.519180,-160.872742,40.886
230.352783,-161.404022,39.326
230.193115,-161.909607,37.561
230.039200,-162.392700,35.955
229.890549,-162.855698,34.500
229.746841,-163.300690,33.187
229.607712,-163.729523,32.007
229.472824,-164.143967,30.966
229.341812,-164.545700,30.033
229.214233,-164.936432,29.284
229.083481,-165.315262,28.502
228.942139,-165.681427,28.024
228.804398,-166.040817,27.429
228.675049,-166.397842,27.226
228.548859,-166.751251,26.826
228.424393,-167.102692,26.798
228.300537,-167.451721,26.528
228.177414,-167.800568,26.663
228.053955,-168.149124,26.560
227.930206,-168.499817,26.879
227.805252,-168.852783,26.978
227.672516,-169.208328,27.515
227.523758,-169.564087,27.860
227.372925,-169.928329,28.653
227.225723,-170.303635,29.226
227.076721,-170.689682,30.114
226.924774,-171.085678,30.786
226.768982,-171.492477,31.705
226.609375,-171.909668,32.446
226.445602,-172.337997,33.369
226.277725,-172.777115,34.159
226.098755,-173.224686,35.047
225.900681,-173.676529,35.809
225.678543,-174.129654,36.591
225.433807,-174.573181,36.318
225.186401,-175.013031,36.315
224.949234,-175.468277,37.588
224.706726,-175.945358,39.041
224.457047,-176.439865,40.332
224.200180,-176.949463,41.507
223.936325,-177.472580,42.587
223.659348,-178.004639,43.566
223.361282,-178.539688,44.438
223.037094,-179.072906,45.205
222.683136,-179.599319,45.868
222.296616,-180.113632,46.422
221.875595,-180.609970,46.861
221.419266,-181.082047,47.175
220.928070,-181.523315,47.353
220.411346,-181.942291,47.992
219.893768,-182.370651,48.597
219.379456,-182.808594,48.766
218.863632,-183.243546,48.597
218.346390,-183.670807,48.239
217.828995,-184.088852,47.782
217.312531,-184.497620,47.283
216.797882,-184.897690,46.778
216.285675,-185.289948,46.291
215.776321,-185.675491,45.839
215.269897,-186.055389,45.434
214.766312,-186.430634,45.084
214.261017,-186.796097,44.778
213.748596,-187.144745,44.500
213.226089,-187.471848,44.237
212.703003,-187.793579,44.151
212.185654,-188.123077,44.146
211.668991,-188.454819,44.216
211.150955,-188.787323,44.362
210.630219,-189.120697,44.584
210.102036,-189.448792,44.860
209.561050,-189.763763,45.168
209.004135,-190.060120,45.500
208.439285,-190.354858,46.041
207.872192,-190.661606,46.641
207.298523,-190.974380,47.278
206.713440,-191.284470,47.915
206.112366,-191.582321,48.519
205.493225,-191.861221,49.074
204.855225,-192.115128,49.565
204.198761,-192.338150,49.976
203.529938,-192.548264,50.707
202.856216,-192.774200,51.474
202.173355,-193.005798,52.230
201.479736,-193.238464,52.978
200.775040,-193.470917,53.723
200.059311,-193.702942,54.469
199.330765,-193.927567,55.175
198.592117,-194.134262,55.197
197.849319,-194.314774,54.996
197.098511,-194.463654,55.414
196.331543,-194.601593,56.495
195.552429,-194.750763,57.475
194.760880,-194.902328,58.356
193.957458,-195.052902,59.164
193.142776,-195.201477,59.920
192.317459,-195.347946,60.638
191.481964,-195.492554,61.327
190.636734,-195.635818,61.995
189.781235,-195.770599,62.613
188.914948,-195.886856,63.162
188.038437,-195.977142,63.628
187.153305,-196.058487,64.257
186.260101,-196.145752,64.880
185.358231,-196.232697,65.492
184.447586,-196.317215,66.096
183.528259,-196.398773,66.698
182.600296,-196.477386,67.297
181.663712,-196.553406,67.895
180.718597,-196.627213,68.493
179.765259,-196.699295,69.056
178.805542,-196.769897,69.417
177.843674,-196.839096,69.448
176.883804,-196.906967,69.222
175.928650,-196.973602,68.829
174.979843,-197.039124,68.325
174.038574,-197.103668,67.750
173.105545,-197.167267,67.129
172.181183,-197.230026,66.487
171.265579,-197.291992,65.848
170.358551,-197.353256,65.230
169.459717,-197.413864,64.643
168.568542,-197.473907,64.097
167.684509,-197.533432,63.598
166.806900,-197.592484,63.148
165.935028,-197.651154,62.752
165.067795,-197.701920,62.397
164.204727,-197.750122,62.111
163.345200,-197.799774,61.886
162.488266,-197.849380,61.722
161.633072,-197.898544,61.620
160.778503,-197.939453,61.560
159.923874,-197.961884,61.515
159.068680,-197.979294,61.604
158.211853,-198.000443,61.760
157.352310,-198.021347,61.981
156.489319,-198.040817,62.225
155.624115,-198.058517,62.311
154.760071,-198.074356,62.150
153.899948,-198.088516,61.819
153.045502,-198.101212,61.377
152.197754,-198.112732,60.872
151.357254,-198.123199,60.343
150.524017,-198.132843,59.815
149.697876,-198.141830,59.307
148.878479,-198.142883,58.814
148.065430,-198.141418,58.374
147.258301,-198.141693,57.944
146.457779,-198.142044,57.454
145.662582,-198.141830,57.237
144.867966,-198.140717,57.193
144.076385,-198.139084,56.598
143.302216,-198.137070,55.303
142.544937,-198.134567,54.138
141.802689,-198.125000,53.082
141.074295,-198.097977,52.061
140.358719,-198.046600,51.105
139.655792,-197.991226,50.357
138.962769,-197.944000,49.664
138.281433,-197.898392,48.922
137.611221,-197.852798,48.164
136.951004,-197.806488,47.388
136.301239,-197.759323,46.614
135.661957,-197.711456,45.863
135.032745,-197.663147,45.151
134.413010,-197.614578,44.487
133.802048,-197.565918,43.879
133.198990,-197.517349,43.332
132.602966,-197.468948,42.850
132.013077,-197.420746,42.434
131.428345,-197.372787,42.088
130.847824,-197.325058,41.811
130.270828,-197.277527,41.553
129.698563,-197.230362,41.165
129.132217,-197.183640,40.842
128.567307,-197.137024,40.779
128.002640,-197.090454,40.760
127.453934,-197.045181,39.025
126.927643,-197.001770,37.532
126.420174,-196.959869,36.236
125.928619,-196.919327,35.132
125.450462,-196.879868,34.202
124.984123,-196.834595,33.428
124.528725,-196.775375,32.774
124.080757,-196.716980,32.308
123.637405,-196.665939,31.955
123.197342,-196.617264,31.776
122.759247,-196.569427,31.631
122.321213,-196.521805,31.728
121.882164,-196.474121,31.784
121.440155,-196.426147,32.105
120.994255,-196.377731,32.369
120.542580,-196.328705,32.886
120.085213,-196.271637,33.341
119.622108,-196.197800,33.969
119.150414,-196.122391,34.614
118.667725,-196.052612,35.398
118.174377,-195.983566,36.147
117.670006,-195.913651,36.969
117.158188,-195.842941,37.170
116.646858,-195.772324,37.215
116.133171,-195.701355,37.811
115.599831,-195.627670,39.296
115.047409,-195.551331,40.604
114.478157,-195.472610,41.796
113.893639,-195.391769,42.888
113.294983,-195.308975,43.903
112.683052,-195.224319,44.857
112.058495,-195.137894,45.763
111.421837,-195.049835,46.633
110.773438,-194.960129,47.475
110.113640,-194.868851,48.294
109.442711,-194.776031,49.097
108.762115,-194.674164,49.862
108.074226,-194.553329,50.565
107.376686,-194.427429,51.342
106.667725,-194.304993,52.113
105.948074,-194.181824,52.877
105.218033,-194.056641,53.635
104.477753,-193.929016,54.390
103.727493,-193.798828,55.102
102.969460,-193.666550,55.577
102.208527,-193.533127,55.657
101.451157,-193.392166,55.401
100.702866,-193.235046,54.897
99.968124,-193.056412,54.200
99.251175,-192.852051,53.340
98.556458,-192.618866,52.335
97.888771,-192.354553,51.192
97.243683,-192.074326,50.281
96.607292,-191.806824,49.452
95.981110,-191.545380,48.607
95.366745,-191.286301,47.781
94.765556,-191.023987,46.976
94.179626,-190.753326,46.190
93.605492,-190.480652,45.494
93.039886,-190.209595,44.856
92.483635,-189.938766,44.288
91.938713,-189.662247,43.770
91.408600,-189.372498,43.283
90.895851,-189.065079,42.817
90.403244,-188.736710,42.362
89.933945,-188.384964,41.908
89.491570,-188.008240,41.450
89.080147,-187.605667,40.978
88.704041,-187.177505,40.485
88.362671,-186.729645,40.107
88.051834,-186.269592,39.705
87.778366,-185.789978,39.638
87.513733,-185.306351,39.761
87.228676,-184.838043,39.579
86.937363,-184.375732,39.241
86.647743,-183.912537,39.159
86.364342,-183.443634,39.155
86.088417,-182.977997,38.128
85.825073,-182.532486,36.695
85.575615,-182.101059,35.398
85.336555,-181.680222,34.245
85.103226,-181.269653,33.256
84.876129,-180.867706,32.464
84.663918,-180.467880,31.754
84.474518,-180.065552,31.240
84.314194,-179.659058,30.761
84.189552,-179.245911,30.409
84.094376,-178.830780,29.908
83.999687,-178.420929,29.940
83.874001,-178.023712,29.881
83.736588,-177.628021,30.075
83.595520,-177.231293,30.172
83.453644,-176.833206,30.560
83.308548,-176.435806,30.823
83.160797,-176.037094,31.351
83.010750,-175.636612,31.695
82.865860,-175.231064,32.205
82.734917,-174.819000,32.501
82.621300,-174.401566,32.918
82.532295,-173.977249,33.133
82.470764,-173.544724,33.419
82.438232,-173.110733,32.863
82.436028,-172.687241,32.010
82.448723,-172.272186,32.039
82.442703,-171.847443,33.190
82.420471,-171.410721,34.135
82.391403,-170.962173,35.006
82.360001,-170.502686,35.737
82.326942,-170.032730,36.445
82.292885,-169.553375,37.017
82.258545,-169.065369,37.579
82.223793,-168.569336,38.090
82.188446,-168.065460,38.560
82.152893,-167.554352,39.019
82.117050,-167.036423,39.466
82.080505,-166.511505,39.880
82.043922,-165.979858,40.314
82.006828,-165.441452,40.743
81.969299,-164.896225,41.162
81.931404,-164.344711,41.596
81.892975,-163.785706,42.033
81.854469,-163.219879,42.482
81.815231,-162.647186,42.942
81.775642,-162.067017,43.406
81.735809,-161.479279,43.888
81.695381,-160.883835,44.365
81.654564,-160.280945,44.863
81.613014,-159.669815,45.366
81.571602,-159.051208,45.869
81.530083,-158.425415,46.388
81.487297,-157.792877,46.708
81.444534,-157.158218,46.638
81.402275,-156.525055,46.249
81.360405,-155.896210,45.657
81.318657,-155.275116,44.960
81.277672,-154.663910,44.221
81.244789,-154.062759,43.464
81.229004,-153.471497,42.691
81.235870,-152.890564,41.905
81.246552,-152.319672,41.262
81.247147,-151.757385,40.682
81.245201,-151.202606,40.165
81.243011,-150.654388,39.714
81.241257,-150.111816,39.333
81.240067,-149.573868,39.023
81.239372,-149.039597,38.785
81.239090,-148.507965,38.620
81.238930,-147.978012,38.530
81.238647,-147.448730,38.515
81.239136,-146.919220,38.595
81.239906,-146.388641,38.706
81.240677,-145.858078,38.633
81.241096,-145.330994,38.305
81.241310,-144.809357,37.929
81.241776,-144.289932,37.722
81.242661,-143.773819,37.185
81.244598,-143.273224,36.235
81.245689,-142.791489,34.881
81.246468,-142.329666,33.592
81.247078,-141.884827,32.413
81.241318,-141.454086,31.460
81.235481,-141.032562,30.584
81.231934,-140.615952,29.903
81.228935,-140.205780,29.235
81.226089,-139.801636,28.864
81.223297,-139.403107,28.395
81.220413,-139.008087,28.308
81.217705,-138.615936,28.036
81.214661,-138.224854,28.124
81.211823,-137.834305,28.015
81.208359,-137.441986,28.296
81.206100,-137.047546,28.417
81.203606,-136.648132,28.955
81.201416,-136.242584,29.336
81.198723,-135.828674,30.074
81.194939,-135.406387,30.644
81.190681,-134.974258,31.494
81.186882,-134.531616,32.182
81.183182,-134.077454,33.070
81.179588,-133.612259,33.826
81.175575,-133.135178,34.725
81.171158,-132.646179,35.534
81.166626,-132.145096,36.423
81.162079,-131.634079,36.898
81.157562,-131.122894,36.827
81.153069,-130.610886,37.182
81.148422,-130.081131,38.707
81.143631,-129.531067,40.080
81.138672,-128.963318,41.312
81.133575,-128.379639,42.441
81.120911,-127.781525,43.462
81.106468,-127.169785,44.443
81.094086,-126.544952,45.373
81.082130,-125.907593,46.262
81.070076,-125.258125,47.119
81.057739,-124.596458,47.944
81.045067,-123.923203,48.750
81.032082,-123.238739,49.542
81.018776,-122.543526,50.322
81.005196,-121.838104,51.096
80.991348,-121.122215,51.863
80.977249,-120.395813,52.625
80.962906,-119.658867,53.383
80.948349,-118.911407,54.137
80.933571,-118.153496,54.887
80.918594,-117.386635,55.311
80.903618,-116.619606,55.267
80.888641,-115.852539,55.471
80.873405,-115.072556,56.598
80.857880,-114.277626,57.602
80.842094,-113.469666,58.508
80.826080,-112.649918,59.339
80.809853,-111.819290,60.114
80.793434,-110.978577,60.812
80.776848,-110.130074,61.277
80.760208,-109.278297,61.395
80.743584,-108.427521,61.244
80.727036,-107.580421,60.930
80.710579,-106.738487,60.526
80.694237,-105.902435,60.081
80.678017,-105.072517,59.627
80.661911,-104.248833,59.153
80.645958,-103.432114,58.627
80.630150,-102.622932,58.067
80.614403,-101.816696,58.035
80.598656,-101.010872,57.988
80.583084,-100.213943,56.854
80.567879,-99.435944,55.595
80.553009,-98.674591,54.432
80.538437,-97.928520,53.344
80.524139,-97.196716,52.327
80.510101,-96.478264,51.377
80.496307,-95.772224,50.500
80.482750,-95.077644,49.696
80.469391,-94.393501,48.967
80.456223,-93.718803,48.314
80.443207,-93.052490,47.737
80.430336,-92.393539,47.236
80.417580,-91.740868,46.813
80.404945,-91.093422,46.467
80.392387,-90.450142,46.199
80.379890,-89.809906,46.009
80.367439,-89.171967,45.843
80.355057,-88.537628,45.523
80.342796,-87.909294,45.054
80.330673,-87.288483,44.489
80.318726,-86.676170,43.861
80.306931,-86.072289,43.398
80.295181,-85.470123,43.335
80.283432,-84.868156,43.308
80.272018,-84.283417,41.432
80.261101,-83.723564,39.759
80.250595,-83.185280,38.266
80.239746,-82.666000,36.971
80.229874,-82.163475,35.848
80.220627,-81.675293,34.880
80.211662,-81.199196,34.058
80.202866,-80.733162,33.378
80.193924,-80.275047,32.833
80.185257,-79.822739,32.415
80.176849,-79.375114,32.048
80.168564,-78.933655,31.545
80.160408,-78.500763,30.877
80.152412,-78.077606,30.209
80.144608,-77.665001,29.381
80.136986,-77.262375,28.759
80.129547,-76.869934,27.943
80.122269,-76.486229,27.439
80.115143,-76.111191,26.721
80.108223,-75.742912,26.387
80.101173,-75.381012,25.828
80.094612,-75.023598,25.655
80.087631,-74.670883,25.206
80.081207,-74.320923,25.171
80.074272,-73.973892,24.847
80.067772,-73.627655,24.955
80.060333,-73.282265,24.757
80.053574,-72.935524,25.025
80.047096,-72.587593,25.025
80.041199,-72.235931,25.497
80.034561,-71.880043,25.712
80.028481,-71.516869,26.415
80.022141,-71.145271,26.936
80.014198,-70.763138,27.894
80.005653,-70.370789,28.558
79.997414,-69.966270,29.539
79.989136,-69.550209,30.268
79.980690,-69.121826,31.248
79.972267,-68.682045,32.021
79.963112,-68.229584,32.992
79.953476,-67.764793,33.809
79.943581,-67.287392,34.754
79.933479,-66.797745,35.603
79.923370,-66.296936,36.436
79.913277,-65.795273,36.761
79.902977,-65.296486,36.870
79.891830,-64.796822,37.623
79.882141,-64.277367,39.329
79.871399,-63.734028,40.866
79.859772,-63.163918,42.251
79.847519,-62.576435,43.482
79.835091,-61.972668,44.674
79.822662,-61.357349,45.593
79.809906,-60.735268,46.083
79.797081,-60.108337,46.230
79.784203,-59.479454,46.136
79.771339,-58.851475,45.900
79.758553,-58.226444,45.592
79.745857,-57.605438,45.258
79.733276,-56.988968,44.893
79.720795,-56.377831,44.477
79.708382,-55.769577,44.507
79.695900,-55.157547,44.743
79.683411,-54.545681,44.199
79.671349,-53.954910,42.612
79.659714,-53.384899,41.187
79.648445,-52.832947,39.890
79.637505,-52.297630,38.676
79.626884,-51.777954,37.533
79.616570,-51.273094,36.453
79.606544,-50.782356,35.428
79.596794,-50.305130,34.451
79.587296,-49.840851,33.516
79.578064,-49.389011,32.620
79.569077,-48.949154,31.758
79.560326,-48.520836,30.927
79.551796,-48.103657,30.126
79.543488,-47.697227,29.353
79.535400,-47.301220,28.599
79.527512,-46.915211,27.904
79.519821,-46.539173,27.112
79.512314,-46.172241,26.567
79.505005,-45.814896,25.758
79.497780,-45.461353,26.070
79.490501,-45.105045,25.848
79.483185,-44.747284,25.604
79.476410,-44.415726,23.463
79.470161,-44.110104,21.813
79.464394,-43.828110,20.000
79.459045,-43.565910,18.733
79.454063,-43.322212,17.362
79.449402,-43.094006,16.222
79.445038,-42.880043,15.209
79.440926,-42.678833,14.306
79.437042,-42.488972,13.513
79.433372,-42.309059,12.818
79.429878,-42.138035,12.196
79.426559,-41.975086,11.631
79.423378,-41.819557,11.111
79.420357,-41.671753,10.542
79.417496,-41.531055,10.063
79.414742,-41.396202,9.669
79.412086,-41.266033,9.356
79.405411,-41.139679,9.113
79.392281,-41.016373,8.945
79.383499,-40.894455,8.854
79.379097,-40.773117,8.822
79.375191,-40.651833,8.838
79.371574,-40.529926,8.905
79.367867,-40.406700,9.025
79.364288,-40.281403,9.198
79.360519,-40.153294,9.427
79.356781,-40.021561,9.717
79.352814,-39.885292,10.076
79.348763,-39.743488,10.508
79.344482,-39.595108,11.019
79.340004,-39.439137,11.599
79.335266,-39.274616,12.253
79.330254,-39.100468,12.989
79.324936,-38.915646,13.792
79.313805,-38.719788,14.626
79.291824,-38.513027,15.472
79.272896,-38.294167,16.365
79.260101,-38.062515,17.288
79.248383,-37.818073,18.220
79.236633,-37.560600,19.289
79.224579,-37.291023,19.974
79.212463,-37.016041,20.143
79.200241,-36.737267,20.611
79.187546,-36.446255,22.162
79.173744,-36.128868,23.712
79.152245,-35.788353,25.524
79.115463,-35.429401,26.755
79.078239,-35.051197,28.306
79.047134,-34.655025,29.465
79.017097,-34.241039,30.845
78.986847,-33.810524,31.938
78.955765,-33.363083,33.188
78.916443,-32.900715,34.230
78.860016,-32.424805,35.329
78.801521,-31.934364,36.393
78.748810,-31.427383,37.495
78.689957,-30.914328,37.612
78.615173,-30.400434,37.821
78.516937,-29.878445,39.157
78.412384,-29.333290,40.774
78.315453,-28.765564,42.198
78.219093,-28.179779,43.263
78.121040,-27.582232,43.817
78.023079,-26.978735,43.971
77.925056,-26.375563,43.873
77.827293,-25.776199,43.621
77.729866,-25.182478,43.285
77.626511,-24.596699,42.904
77.508423,-24.019955,42.483
77.370293,-23.453619,42.031
77.208214,-22.899639,41.549
77.041145,-22.352947,41.209
76.887566,-21.802706,41.392
76.729958,-21.251560,41.500
76.562248,-20.713181,40.167
76.384735,-20.202429,38.581
76.192390,-19.719418,37.064
76.000984,-19.256693,35.755
75.826706,-18.805698,34.549
75.659195,-18.369717,33.495
75.484177,-17.953402,32.395
75.294319,-17.558670,31.294
75.088654,-17.186703,30.198
74.867203,-16.839130,29.061
74.631363,-16.517050,27.985
74.381264,-16.221903,26.852
74.131363,-15.943014,26.168
73.907837,-15.659626,25.378
73.703148,-15.374375,24.948
73.507111,-15.095171,24.201
73.315002,-14.816463,24.606
73.124855,-14.536390,24.483
72.943085,-14.261987,23.204
72.769157,-14.010705,21.449
72.599777,-13.782484,19.922
72.432289,-13.579689,18.219
72.276802,-13.387701,17.182
72.135696,-13.202494,16.393
72.000526,-13.026465,15.846
71.869102,-12.855789,15.417
71.740921,-12.686499,15.033
71.615601,-12.518650,14.831
71.490776,-12.351633,14.783
71.361816,-12.187446,14.869
71.225471,-12.028023,15.098
71.076698,-11.875309,15.403
70.914001,-11.730636,15.770
70.736870,-11.593167,16.199
70.543854,-11.463358,16.679
70.331505,-11.341208,17.192
70.109169,-11.217100,17.915
69.902054,-11.063717,18.593
69.703186,-10.891522,18.691
69.504204,-10.717447,19.418
69.302071,-10.548373,18.720
69.076988,-10.379375,20.706
68.835175,-10.192772,22.248
68.581078,-9.988935,23.738
68.304909,-9.781672,25.049
68.004044,-9.577589,26.174
67.680916,-9.380885,27.233
67.335503,-9.197059,28.150
66.968063,-9.030583,29.014
66.578224,-8.887154,29.766
66.173943,-8.749326,30.839
65.770599,-8.581804,31.765
65.363190,-8.391880,32.786
64.946312,-8.190229,33.741
64.518425,-7.980327,34.711
64.079124,-7.763810,35.642
63.630280,-7.542130,36.179
63.178379,-7.326958,36.054
62.719452,-7.126243,36.362
62.236385,-6.939105,37.782
61.726498,-6.769659,39.002
61.192757,-6.624380,40.003
60.638191,-6.509429,40.824
60.068302,-6.407684,41.907
59.490551,-6.283852,42.891
58.904255,-6.148030,43.597
58.312603,-6.009126,43.879
57.719944,-5.870926,43.843
57.127743,-5.742062,43.598
56.536400,-5.631807,43.213
55.946865,-5.545815,42.733
55.360447,-5.488535,42.184
54.779701,-5.439863,41.807
54.205418,-5.378582,41.476
53.635590,-5.314482,41.189
53.069099,-5.250900,40.956
52.505108,-5.188652,40.783
51.942760,-5.127759,40.675
51.380619,-5.075422,40.614
50.817577,-5.040447,40.582
50.253780,-5.007542,40.682
49.688427,-4.968478,40.856
49.120136,-4.927788,41.102
48.547813,-4.886665,41.423
47.970104,-4.852989,41.796
47.386063,-4.836221,42.202
46.795624,-4.842530,42.621
46.199802,-4.877103,43.028
45.597263,-4.919617,43.667
44.985474,-4.948240,44.346
44.364021,-4.973188,45.044
43.733006,-4.998227,45.713
43.094559,-5.024462,46.156
42.453350,-5.052012,46.238
41.813671,-5.080632,46.062
41.178459,-5.117365,45.721
40.550098,-5.171032,45.267
39.930683,-5.247108,44.733
39.322502,-5.349869,44.139
38.728245,-5.482869,43.494
38.144085,-5.626699,43.104
37.562130,-5.753698,42.739
36.985233,-5.875112,42.261
36.415585,-5.995441,41.709
35.848640,-6.117021,41.725
35.282413,-6.240469,41.685
34.728897,-6.368545,40.224
34.202549,-6.505038,38.602
33.696751,-6.639284,37.222
33.206421,-6.765044,36.043
32.729782,-6.886346,35.051
32.264725,-7.004684,34.232
31.809179,-7.120812,33.574
31.361164,-7.235243,33.064
30.918808,-7.348411,32.696
30.480341,-7.460712,32.456
30.045971,-7.579518,32.338
29.616812,-7.712997,32.278
29.186863,-7.846444,32.433
28.752605,-7.973640,32.614
28.313700,-8.100006,33.009
27.869499,-8.227199,33.388
27.418415,-8.356109,33.983
26.961819,-8.494218,34.539
26.501629,-8.650209,35.206
26.032681,-8.809699,35.912
25.551561,-8.965734,36.709
25.059446,-9.123076,37.496
24.564465,-9.280627,37.393
24.072327,-9.444869,37.387
23.577415,-9.627538,38.553
23.071611,-9.837866,39.834
22.561331,-10.079138,40.905
22.052597,-10.354413,41.797
21.537746,-10.645628,42.870
21.002806,-10.926792,43.893
20.452961,-11.208318,44.858
19.891178,-11.494816,45.772
19.318773,-11.787652,46.648
18.736393,-12.087094,47.493
18.144360,-12.393013,48.317
17.543015,-12.705055,49.083
16.934391,-13.021935,49.601
16.322813,-13.341166,49.735
15.712341,-13.660419,49.581
15.105371,-13.978241,49.259
14.503186,-14.293826,48.845
13.906605,-14.606649,48.351
13.316870,-14.916000,47.755
12.731716,-15.214927,47.079
12.148085,-15.494860,46.328
11.572612,-15.767943,45.593
11.008693,-16.041327,44.848
10.450174,-16.313425,44.713
9.891586,-16.585506,44.686
9.339617,-16.853951,43.482
8.811193,-17.110537,41.666
8.301607,-17.350981,40.015
7.805281,-17.569313,38.513
7.318695,-17.761690,37.142
6.839953,-17.925177,35.842
6.375679,-18.078119,34.680
5.929024,-18.232521,33.554
5.493808,-18.372526,32.437
5.068051,-18.491232,31.314
4.651504,-18.585098,30.188
4.249168,-18.673315,29.177
3.864148,-18.773266,28.268
3.493000,-18.874758,27.284
3.131712,-18.968653,26.585
2.778296,-19.047192,25.660
2.430541,-19.107719,25.134
2.088730,-19.147774,24.317
1.754518,-19.187799,24.020
1.430117,-19.242067,23.399
1.110392,-19.295805,23.249
0.794067,-19.338268,22.725
0.479268,-19.366806,22.653
0.166718,-19.377531,22.205
-0.144644,-19.369799,22.228
-0.453374,-19.340603,21.879
-0.760045,-19.289423,22.017
-1.062567,-19.213484,21.801
-1.360998,-19.111925,22.081
-1.658391,-19.000648,22.287
-1.965971,-18.916126,23.035
-2.286007,-18.857811,23.576
-2.619794,-18.808359,24.661
-2.965365,-18.761517,25.327
-3.323656,-18.715090,26.394
-3.693366,-18.668283,27.085
-4.075564,-18.620527,28.124
-4.469262,-18.571688,28.845
-4.875419,-18.521502,29.858
-5.293247,-18.469995,30.613
-5.722421,-18.409855,31.580
-6.160542,-18.332731,32.306
-6.606306,-18.233463,33.163
-7.062910,-18.131115,33.982
-7.533901,-18.038628,34.926
-8.017695,-17.947821,35.784
-8.511600,-17.849047,36.381
-9.003474,-17.734980,36.360
-9.488776,-17.600752,36.207
-9.978828,-17.437426,37.621
-10.476502,-17.239660,38.777
-10.985953,-17.027258,40.051
-11.516654,-16.827782,41.228
-12.064220,-16.630272,42.319
-12.625877,-16.429764,43.331
-13.200156,-16.224714,44.282
-13.786203,-16.014744,45.187
-14.380639,-15.792892,46.028
-14.978937,-15.550347,46.790
-15.577113,-15.281468,47.470
-16.170885,-14.981867,48.061
-16.768656,-14.669404,48.823
-17.379385,-14.364380,49.353
-17.991072,-14.053360,49.459
-18.592730,-13.727327,49.204
-19.187544,-13.399371,48.805
-19.777859,-13.077312,48.269
-20.360563,-12.758272,47.643
-20.934406,-12.441883,46.960
-21.495272,-12.122377,46.226
-22.038074,-11.792828,45.434
-22.559374,-11.448972,44.774
-23.074903,-11.101528,44.713
-23.594831,-10.761505,44.681
-24.100523,-10.432427,42.726
-24.580732,-10.112692,40.926
-25.039978,-9.804249,39.270
-25.481674,-9.508454,37.735
-25.906513,-9.223508,36.306
-26.315443,-8.948540,34.968
-26.709400,-8.683014,33.709
-27.089224,-8.426518,32.518
-27.455669,-8.178705,31.387
-27.809397,-7.939252,30.309
-28.150990,-7.707860,29.278
-28.480961,-7.484238,28.286
-28.799828,-7.268150,27.342
-29.107853,-7.059216,26.416
-29.405741,-6.857491,25.539
-29.694511,-6.661388,25.017
-29.982159,-6.466798,24.937
-30.269278,-6.271581,24.922
-30.542311,-6.089763,22.877
-30.795824,-5.927772,20.986
-31.027384,-5.779958,19.163
-31.242090,-5.647564,17.641
-31.445671,-5.533382,16.295
-31.640860,-5.437532,15.177
-31.829914,-5.359078,14.266
-32.014450,-5.296871,13.540
-32.189007,-5.233056,13.051
-32.349594,-5.153736,12.708
-32.504478,-5.071177,12.500
-32.659271,-4.992831,12.393
-32.817108,-4.922330,12.367
-32.979305,-4.860600,12.413
-33.139938,-4.792417,12.568
-33.298508,-4.713466,12.823
-33.459824,-4.630676,13.159
-33.627869,-4.549760,13.558
-33.805458,-4.474769,14.015
-33.987514,-4.392805,14.567
-34.174255,-4.301252,15.209
-34.368809,-4.204149,15.915
-34.572212,-4.102067,16.663
-34.784988,-3.995023,17.441
-35.010059,-3.888419,18.227
-35.250088,-3.788230,18.982
-35.500877,-3.697795,18.990
-35.755142,-3.620460,19.114
-36.015259,-3.558167,19.665
-36.301918,-3.513561,21.012
-36.610348,-3.465582,22.806
-36.927982,-3.386132,23.914
-37.259445,-3.287861,25.437
-37.604984,-3.179583,26.453
-37.965580,-3.063894,27.774
-38.339748,-2.942516,28.695
-38.727966,-2.815848,29.873
-39.129028,-2.684587,30.748
-39.545368,-2.555707,31.807
-39.978100,-2.438004,32.606
-40.428001,-2.336920,33.511
-40.889694,-2.233953,34.376
-41.360699,-2.115856,35.346
-41.842976,-1.990681,36.234
-42.331116,-1.862575,36.394
-42.818150,-1.734313,36.286
-43.312572,-1.611733,37.291
-43.831215,-1.500027,38.688
-44.372108,-1.406087,39.898
-44.932335,-1.336130,40.911
-45.508793,-1.295898,41.756
-46.098431,-1.265880,42.791
-46.699238,-1.216562,43.784
-47.312511,-1.159587,44.724
-47.938267,-1.100439,45.619
-48.576180,-1.040970,46.480
-49.225895,-0.981742,47.314
-49.887100,-0.922813,48.128
-50.559906,-0.871631,48.898
-51.244095,-0.838064,49.605
-51.938923,-0.807875,50.389
-52.644272,-0.772209,51.165
-53.360306,-0.735178,51.933
-54.086971,-0.698034,52.696
-54.824223,-0.661137,53.453
-55.571995,-0.624537,54.207
-56.330246,-0.588161,54.958
-57.097439,-0.551971,55.382
-57.864815,-0.516278,55.338
-58.632385,-0.488651,55.520
-59.412800,-0.463055,56.648
-60.208126,-0.435211,57.654
-61.016479,-0.406690,58.561
-61.836624,-0.378006,59.393
-62.667664,-0.349337,60.168
-63.508995,-0.320720,60.900
-64.360138,-0.292143,61.598
-65.220734,-0.263564,62.272
-66.090515,-0.234940,62.927
-66.969276,-0.213952,63.542
-67.856750,-0.195367,64.173
-68.752457,-0.174857,64.805
-69.656235,-0.154044,65.435
-70.568985,-0.133875,66.051
-71.491425,-0.114130,66.658
-72.423141,-0.094853,67.259
-73.362823,-0.076113,67.860
-74.310417,-0.057742,68.460
-75.266144,-0.039605,69.058
-76.230133,-0.021496,69.654
-77.202530,-0.003301,70.246
-78.183281,0.014683,70.837
-79.172203,0.032104,71.426
-80.168922,0.049309,71.982
-81.171585,0.066457,72.335
-82.176094,0.083783,72.367
-83.178642,0.101142,72.163
-84.177071,0.118544,71.821
-85.170219,0.128427,71.392
-86.157005,0.120410,70.890
-87.135979,0.086952,70.319
-88.107513,0.044142,69.868
-89.073311,0.005784,69.461
-90.033806,-0.034373,69.093
-90.989525,-0.078525,68.772
-91.941109,-0.127322,68.505
-92.889351,-0.180785,68.299
-93.835068,-0.238625,68.155
-94.779236,-0.300510,68.071
-95.723625,-0.366529,68.049
-96.667839,-0.435023,68.105
-97.612633,-0.497998,68.219
-98.559349,-0.544562,68.358
-99.509735,-0.587340,68.631
-100.464607,-0.634903,68.976
-101.424957,-0.683163,69.384
-102.391495,-0.730640,69.838
-103.364693,-0.776786,70.325
-104.344933,-0.821457,70.838
-105.332497,-0.864707,71.370
-106.327423,-0.906688,71.883
-107.327965,-0.947511,72.204
-108.330055,-0.987203,72.202
-109.329643,-1.025823,71.948
-110.324142,-1.063485,71.529
-111.311852,-1.100290,71.001
-112.291664,-1.136336,70.402
-113.262856,-1.171701,69.756
-114.224960,-1.206457,69.082
-115.160004,-1.240092,66.007
-116.041069,-1.271728,62.172
-116.868256,-1.301353,58.296
-117.642319,-1.328970,54.452
-118.365456,-1.353063,50.795
-119.039925,-1.372606,47.325
-119.667961,-1.386781,43.966
-120.249939,-1.395819,40.621
-120.788391,-1.398704,37.461
-121.286140,-1.394612,34.748
-121.741745,-1.385084,31.620
-122.154091,-1.371660,28.452
-122.526787,-1.352956,25.656
-122.861847,-1.329417,22.989
-123.153038,-1.305834,19.704
-123.404053,-1.281950,16.962
-123.611832,-1.261719,13.793
-123.778534,-1.244923,10.979
-123.910622,-1.231024,8.630
-124.009109,-1.220352,6.180
-124.081551,-1.212269,4.610
-124.140625,-1.205736,3.879
-124.192413,-1.201141,3.389
-124.238426,-1.199709,2.998
-124.279366,-1.200347,2.678
-124.316025,-1.203363,2.411
-124.348961,-1.207695,2.197
-124.379074,-1.213909,2.035
-124.407166,-1.221248,1.949
-124.434746,-1.226821,1.951
-124.463165,-1.226159,2.083
-124.495819,-1.223728,2.500
-124.533791,-1.220366,2.808
-124.575287,-1.216810,3.089
-124.620995,-1.212566,3.429
-124.672279,-1.208032,3.874
-124.730576,-1.202605,4.419
-124.797264,-1.196642,5.058
-124.873535,-1.189596,5.790
-124.960739,-1.181740,6.612
-125.060577,-1.172616,7.597
-125.173798,-1.162316,8.512
-125.298584,-1.150968,9.325
-125.434052,-1.138649,10.094
-125.579918,-1.125385,10.849
-125.736229,-1.111174,11.608
-125.903122,-1.096001,12.377
-126.080750,-1.079853,13.155
-126.269554,-1.068133,13.930
-126.469681,-1.065770,14.697
-126.680809,-1.075173,15.457
-126.902367,-1.098412,16.211
-127.133492,-1.137554,16.957
-127.372986,-1.194724,17.694
-127.619331,-1.272101,18.420
-127.873489,-1.350459,19.076
-128.127533,-1.400378,18.285
-128.384521,-1.433800,18.987
-128.661072,-1.462186,20.576
-128.962814,-1.489704,22.463
-129.284790,-1.517346,23.675
-129.626205,-1.545657,25.225
-129.984146,-1.574768,26.243
-130.358688,-1.604897,27.568
-130.747833,-1.636017,28.485
-131.151978,-1.668235,29.665
-131.569717,-1.701488,30.536
-132.001404,-1.735833,31.619
-132.445267,-1.778427,32.453
-132.900208,-1.837922,33.404
-133.363831,-1.919593,34.156
-133.834198,-2.027783,34.960
-134.307968,-2.166347,35.622
-134.778259,-2.336587,35.650
-135.232285,-2.536937,35.275
-135.667816,-2.771313,35.457
-136.093781,-3.051026,36.422
-136.504333,-3.374761,37.159
-136.903946,-3.730861,38.345
-137.318970,-4.088317,39.613
-137.760712,-4.433372,40.764
-138.219452,-4.780473,41.829
-138.689987,-5.135303,42.818
-139.170151,-5.499340,43.751
-139.658981,-5.872699,44.642
-140.156113,-6.255033,45.500
-140.661438,-6.645867,46.333
-141.170074,-7.050519,47.119
-141.675217,-7.475896,47.840
-142.171555,-7.926166,48.487
-142.653702,-8.404233,49.052
-143.115967,-8.911994,49.522
-143.552246,-9.450270,49.882
-143.956177,-10.018663,50.118
-144.321381,-10.615412,50.215
-144.641815,-11.237343,50.160
-144.911987,-11.879888,49.938
-145.127441,-12.537210,49.540
-145.293701,-13.205410,49.692
-145.438736,-13.884106,50.479
-145.589462,-14.572503,51.325
-145.735001,-15.273764,52.064
-145.868469,-15.988614,52.771
-145.988510,-16.716717,53.486
-146.094818,-17.452438,53.524
-146.187714,-18.188221,53.422
-146.269974,-18.928820,54.112
-146.345505,-19.686502,55.224
-146.415726,-20.459364,56.221
-146.481903,-21.245525,57.126
-146.545197,-22.043701,57.958
-146.606583,-22.852957,58.734
-146.666809,-23.672617,59.467
-146.726486,-24.502171,60.167
-146.786011,-25.341236,60.841
-146.845688,-26.189520,61.497
-146.905701,-27.046799,62.139
-146.958450,-27.913204,62.746
-146.993332,-28.788557,63.291
-147.002243,-29.671816,63.753
-147.002502,-30.562746,64.370
-147.008865,-31.461979,64.984
-147.014740,-32.369514,65.589
-147.017838,-33.285378,66.188
-147.017456,-34.209553,66.784
-147.013550,-35.142006,67.379
-147.006424,-36.082729,67.973
-146.996353,-37.031960,68.563
-146.983795,-37.989563,69.152
-146.969238,-38.955299,69.739
-146.953049,-39.928856,70.326
-146.935547,-40.910374,70.913
-146.917023,-41.899940,71.498
-146.897720,-42.897602,72.083
-146.877777,-43.903427,72.665
-146.857330,-44.917648,73.243
-146.836472,-45.940063,73.819
-146.815323,-46.970261,74.395
-146.793900,-48.008183,74.970
-146.772247,-49.053970,75.545
-146.750458,-50.105602,75.756
-146.728699,-51.156281,75.674
-146.706909,-52.207611,75.940
-146.684906,-53.269379,76.707
-146.662750,-54.339828,77.219
-146.640488,-55.413910,77.386
-146.618256,-56.487526,77.292
-146.596115,-57.558224,77.047
-146.574051,-58.624722,76.719
-146.552109,-59.686501,76.351
-146.530258,-60.743279,75.973
-146.508530,-61.794788,75.576
-146.486923,-62.840183,75.121
-146.465454,-63.878876,74.626
-146.444138,-64.910492,74.106
-146.422943,-65.936363,73.837
-146.401779,-66.961060,73.749
-146.380661,-67.982758,73.243
-146.359863,-68.990028,72.157
-146.339340,-69.982903,71.167
-146.319092,-70.962784,70.248
-146.299088,-71.930527,69.379
-146.279312,-72.886696,68.549
-146.259781,-73.831711,67.747
-146.240494,-74.765862,66.968
-146.221420,-75.689400,66.207
-146.202576,-76.602501,65.460
-146.183929,-77.505348,64.726
-146.165482,-78.398094,64.002
-146.147247,-79.280861,63.287
-146.129227,-80.153831,62.590
-146.111389,-81.017349,61.921
-146.086456,-81.871643,61.276
-146.044601,-82.716461,60.634
-145.978836,-83.550896,59.977
-145.905869,-84.376602,59.470
-145.839508,-85.196213,59.027
-145.773300,-86.010101,58.638
-145.705078,-86.818901,58.305
-145.634247,-87.623390,58.029
-145.560699,-88.424286,57.813
-145.477295,-89.221481,57.631
-145.374557,-90.014000,57.459
-145.245972,-90.800461,57.282
-145.086121,-91.578712,57.080
-144.890305,-92.345757,56.836
-144.675858,-93.106552,56.947
-144.469742,-93.871765,57.167
-144.261078,-94.639984,57.439
-144.045929,-95.411087,57.769
-143.822998,-96.185349,58.163
-143.592041,-96.963531,58.606
-143.354095,-97.746300,59.085
-143.109299,-98.534233,59.593
-142.858795,-99.327873,60.121
-142.603027,-100.127632,60.664
-142.342590,-100.933922,61.217
-142.078293,-101.746986,61.778
-141.803009,-102.564438,62.318
-141.507324,-103.382294,62.808
-141.204147,-104.205399,63.388
-140.901520,-105.037247,63.967
-140.595978,-105.876579,64.546
-140.286377,-106.722954,65.123
-139.972366,-107.576286,65.701
-139.654022,-108.436554,66.279
-139.331467,-109.303764,66.855
-139.004837,-110.178040,67.433
-138.667313,-111.056473,67.980
-138.309265,-111.934418,68.469
-137.924255,-112.807762,68.882
-137.506744,-113.671654,69.196
-137.052597,-114.520470,69.383
-136.560013,-115.348457,69.430
-136.039764,-116.162048,69.856
-135.515961,-116.979156,70.203
-134.984863,-117.793205,70.170
-134.444046,-118.597321,69.860
-133.893631,-119.388161,69.377
-133.334702,-120.164108,68.791
-132.768661,-120.924522,68.144
-132.196945,-121.669472,67.473
-131.616241,-122.395287,66.762
-131.021683,-123.096405,66.011
-130.410461,-123.768562,65.223
-129.793640,-124.422478,64.600
-129.180557,-125.068466,63.971
-128.568390,-125.703407,63.319
-127.956779,-126.326561,62.670
-127.341568,-126.933220,62.009
-126.717636,-127.517006,61.332
-126.081528,-128.072876,60.616
-125.431183,-128.596313,59.872
-124.766487,-129.083359,59.074
-124.086769,-129.528366,58.208
-123.399948,-129.943237,57.694
-122.718925,-130.356796,57.340
-122.040581,-130.763550,56.887
-121.363152,-131.158661,56.476
-120.681213,-131.542938,56.395
-119.994659,-131.917557,56.336
-119.314522,-132.279175,55.039
-118.646317,-132.625977,53.910
-117.987083,-132.960159,52.937
-117.336212,-133.283722,52.105
-116.691704,-133.598816,51.388
-116.053726,-133.906677,50.783
-115.418404,-134.202438,50.273
-114.780724,-134.477768,49.803
-114.146187,-134.746811,49.490
-113.516640,-135.018341,49.274
-112.888832,-135.288727,49.136
-112.262054,-135.558289,49.094
-111.634712,-135.826904,49.139
-111.005516,-136.094788,49.270
-110.373802,-136.363190,49.482
-109.738945,-136.632156,49.731
-109.101944,-136.901489,49.787
-108.466431,-137.169571,49.566
-107.835388,-137.435379,49.166
-107.210098,-137.698990,48.672
-106.591614,-137.959396,48.133
-105.980087,-138.216476,47.589
-105.375114,-138.470398,47.050
-104.776512,-138.722092,46.546
-104.183731,-138.971466,46.088
-103.596069,-139.218369,45.683
-103.013420,-139.463196,45.342
-102.434906,-139.706390,45.066
-101.862511,-139.955170,44.844
-101.299500,-140.218262,44.653
-100.738998,-140.482727,44.589
-100.176521,-140.741913,44.605
-99.612488,-140.999878,44.695
-99.046387,-141.258194,44.859
-98.477608,-141.518204,45.098
-97.908676,-141.787659,45.390
-97.343430,-142.074829,45.716
-96.784927,-142.385223,46.064
-96.236603,-142.723358,46.416
-95.702614,-143.092590,46.749
-95.187393,-143.494675,47.049
-94.680763,-143.915451,47.711
-94.162476,-144.329147,48.220
-93.638680,-144.738953,48.367
-93.112648,-145.146317,48.166
-92.589462,-145.555786,47.776
-92.074562,-145.972672,47.272
-91.566849,-146.391235,46.739
-91.066231,-146.806305,46.213
-90.579567,-147.224365,45.700
-90.113998,-147.652130,45.193
-89.671410,-148.092392,44.687
-89.254555,-148.547470,44.175
-88.866890,-149.018982,43.651
-88.511871,-149.507324,43.111
-88.193871,-150.012451,42.544
-87.917328,-150.533249,41.948
-87.686394,-151.067413,41.312
-87.490349,-151.609390,41.189
-87.289818,-152.148193,41.403
-87.073624,-152.683121,41.663
-86.855080,-153.221710,41.977
-86.638237,-153.766327,42.309
-86.424576,-154.315689,42.455
-86.215157,-154.866013,42.327
-86.010323,-155.414246,42.027
-85.809822,-155.958603,41.638
-85.613197,-156.498199,41.209
-85.419945,-157.032684,40.776
-85.229576,-157.562057,40.362
-85.041618,-158.086594,39.982
-84.855667,-158.606750,39.648
-84.671356,-159.123123,39.367
-84.488274,-159.636383,39.145
-84.306091,-160.147308,38.985
-84.124481,-160.656708,38.891
-83.943115,-161.165451,38.865
-83.761650,-161.674408,38.907
-83.579788,-162.184464,39.019
-83.390129,-162.693848,39.181
-83.184029,-163.199661,39.374
-82.956192,-163.699722,39.588
-82.723900,-164.202576,39.991
-82.499451,-164.715393,40.477
-82.275055,-165.236206,41.030
-82.048088,-165.764725,41.630
-81.817619,-166.301086,42.266
-81.583298,-166.845612,42.929
-81.344940,-167.398544,43.612
-81.102486,-167.960205,44.311
-80.855934,-168.530701,45.023
-80.598373,-169.106995,45.720
-80.321098,-169.684570,46.376
-80.018547,-170.259537,46.977
-79.686455,-170.827591,47.510
-79.321472,-171.383926,47.960
-78.939926,-171.938934,48.709
-78.565674,-172.510330,49.488
-78.188751,-173.092651,50.256
-77.804886,-173.683136,51.015
-77.412865,-174.280914,51.769
-77.012497,-174.885727,52.522
-76.604012,-175.497696,53.274
-76.187759,-176.117004,54.024
-75.764130,-176.743851,54.772
-75.333771,-177.378098,55.349
-74.901680,-178.012878,55.310
-74.469345,-178.646561,55.266
-74.024612,-179.283768,56.391
-73.556587,-179.922455,57.337
-73.061287,-180.555359,58.110
-72.535599,-181.175751,58.716
-71.994110,-181.794937,59.508
-71.452637,-182.427567,60.265
-70.904556,-183.067719,60.975
-70.347557,-183.712891,61.653
-69.781105,-184.362106,62.309
-69.200050,-185.009872,62.906
-68.597870,-185.648560,63.430
-67.970566,-186.272049,63.871
-67.315445,-186.874329,64.211
-66.631050,-187.449036,64.430
-65.917198,-187.989487,64.505
-65.175232,-188.489182,64.413
-64.408043,-188.941833,64.132
-63.620079,-189.341934,63.645
-62.815807,-189.695175,63.639
-62.000153,-190.029709,64.109
-61.175655,-190.355820,64.322
-60.343063,-190.662170,64.164
-59.505615,-190.944305,63.770
-58.665958,-191.201111,63.263
-57.825954,-191.433151,62.716
-56.986885,-191.641846,62.178
-56.149590,-191.829330,61.676
-55.314522,-191.998093,61.225
-54.481434,-192.144287,60.774
-53.650856,-192.274826,60.442
-52.822662,-192.395645,60.169
-51.996372,-192.507584,59.957
-51.171463,-192.612076,59.805
-50.347351,-192.710663,59.716
-49.523369,-192.804611,59.689
-48.698826,-192.895065,59.726
-47.872437,-192.975433,59.798
-47.043873,-193.051743,59.964
-46.212730,-193.128632,60.149
-45.380188,-193.204819,60.176
-44.549343,-193.279831,59.979
-43.722691,-193.353485,59.629
-42.901775,-193.425858,59.182
-42.087559,-193.496994,58.673
-41.280659,-193.566986,58.124
-40.478142,-193.636154,57.989
-39.675888,-193.704987,57.941
-38.879246,-193.773117,57.059
-38.101601,-193.839478,55.742
-37.341194,-193.904251,54.547
-36.596180,-193.967606,53.460
-35.864586,-194.022873,52.463
-35.144855,-194.060913,51.527
-34.436462,-194.075424,50.631
-33.739075,-194.083603,49.906
-33.051197,-194.099274,49.277
-32.371326,-194.115906,48.733
-31.698511,-194.131516,48.223
-31.033525,-194.145493,47.628
-30.377489,-194.157761,46.967
-29.748627,-194.168854,43.901
-29.173859,-194.178909,40.068
-28.652933,-194.187622,36.210
-28.183033,-194.196457,32.695
-27.760674,-194.207108,29.192
-27.383308,-194.219589,25.921
-27.051643,-194.231918,22.665
-26.766411,-194.242477,19.210
-26.525942,-194.251282,16.068
-26.329102,-194.258652,12.953
-26.173826,-194.264664,10.019
-26.056919,-194.269363,7.346
-25.973867,-194.272797,5.035
-25.918633,-194.275192,3.204
-25.880682,-194.276642,2.349
-25.849819,-194.278107,1.850
-25.825424,-194.278992,1.416
-25.807076,-194.279984,1.025
-25.794428,-194.280396,0.648
-25.787880,-194.280853,0.212
-25.790379,-194.280884,0.583
-25.806011,-194.280121,1.477
-25.829887,-194.279160,2.014
-25.863302,-194.277710,2.659
-25.903881,-194.276047,3.087
-25.948814,-194.273987,3.359
-26.000544,-194.271790,3.945
-26.057550,-194.269348,4.208
-26.116236,-194.266830,4.269
-26.174614,-194.264313,4.214
-26.231623,-194.261871,4.095
-26.286709,-194.259506,3.941
-26.339582,-194.257248,3.771
-26.390123,-194.255051,3.594
-26.438307,-194.252991,3.419
-26.484152,-194.251007,3.247
-26.527723,-194.249130,3.081
-26.569090,-194.247360,2.922
-26.608353,-194.245682,2.771
-26.645603,-194.244080,2.627
-26.680929,-194.242554,2.491
-26.714428,-194.241104,2.361
-26.746197,-194.239746,2.239
-26.776320,-194.238449,2.122
-26.804876,-194.237228,2.012
-26.831953,-194.236053,1.908
-26.857628,-194.234955,1.809
-26.881975,-194.233902,1.715
-26.905060,-194.232925,1.626
-26.926945,-194.231964,1.542
-26.947697,-194.231094,1.462
-26.967371,-194.230225,1.386
-26.986027,-194.229446,1.314
-27.003717,-194.228668,1.246
